data.raw <- c("m,n,size",
              "1,1,1",
              "1,2,2",
              "1,3,6",
              "1,4,24",
              "1,5,120",
              "1,6,720",
              "1,7,5040",
              "1,8,40320",
              "1,9,362880",
              "1,10,3628800",
              "1,11,39916800",
              "1,12,479001600",
              "1,13,6227020800",
              "1,14,87178291200",
              "1,15,1307674368000",
              "1,16,20922789888000",
              "2,1,1",
              "2,2,6",
              "2,3,90",
              "2,4,2520",
              "2,5,113400",
              "2,6,7484400",
              "2,7,681080400",
              "2,8,81729648000",
              "2,9,12504636144000",
              "2,10,2375880867360000",
              "2,11,548828480360160000",
              "2,12,151476660579404160000",
              "2,13,49229914688306352000000",
              "2,14,18608907752179801056000000",
              "2,15,8094874872198213459360000000",
              "2,16,4015057936610313875842560000000",
              "3,1,1",
              "3,2,20",
              "3,3,1680",
              "3,4,369600",
              "3,5,168168000",
              "3,6,137225088000",
              "3,7,182509367040000",
              "3,8,369398958888960000",
              "3,9,1080491954750208000000",
              "3,10,4386797336285844480000000",
              "3,11,23934366266775567482880000000",
              "3,12,170891375144777551827763200000000",
              "3,13,1561776277448122046153927884800000000",
              "3,14,17929191665104441089847092117504000000000",
              "3,15,254415229727832019064930237147381760000000000",
              "3,16,4400365813372582601747033381701114920960000000000",
              "4,1,1",
              "4,2,70",
              "4,3,34650",
              "4,4,63063000",
              "4,5,305540235000",
              "4,6,3246670537110000",
              "4,7,66475579247327250000",
              "4,8,2390461829733887910000000",
              "4,9,140810154080474667338550000000",
              "4,10,12868639981414579848070084500000000",
              "4,11,1746930746117010628955362040959500000000",
              "4,12,339917784579447928182134345929899510000000000",
              "4,13,92024242230271040357108320801872044844750000000000",
              "4,14,33799583928756250412762315147319583351028227500000000000",
              "4,15,16481860109099054170027351546863185027378649716962500000000000",
              "4,16,10472178348678920642335298516439743049955736942564765400000000000000",
              "5,1,1",
              "5,2,252",
              "5,3,756756",
              "5,4,11732745024",
              "5,5,623360743125120",
              "5,6,88832646059788350720",
              "5,7,28837919555681211870935040",
              "5,8,18975581770994682860770223800320",
              "5,9,23183587808948692737291767860055162880",
              "5,10,49120458506088132224064306071170476903628800",
              "5,11,170878335353097656943918169452451079403744627916800",
              "5,12,933254079070967090571092409482594999576504130303138201600",
              "5,13,7708574168669332219803079339976372645861971547841327593737420800",
              "5,14,93296981083443289226927746494844797802084483711125257645590316266291200",
              "5,15,1610248982341770271650344478575659354737318917318958160555725048663263674368000",
              "5,16,38710411299479874798798627670470508098434822569450431283090199061465637344025509888000",
              "6,1,1",
              "6,2,924",
              "6,3,17153136",
              "6,4,2308743493056",
              "6,5,1370874167589326400",
              "6,6,2670177736637149247308800",
              "6,7,14007180988362844601443040716800",
              "6,8,171889289584866507880743491472699801600",
              "6,9,4439413043841128802009762476941510771390464000",
              "6,10,222254153109036134585784467278853023447384195031040000",
              "6,11,20193738534370392855946567010492898163504440783192016158720000",
              "6,12,3155047657047550647344092936068234950821139281116585358956767477760000",
              "6,13,810379023013676374613612784457359175953156184071948330401693262706783027200000",
              "6,14,329404116499810705869263728044366560004006597374713764429902417639450784169249996800000",
              "6,15,205091822115006537704830464408763909341267366142016381796430854694692123388747444135133184000000",
              "6,16,190130025855986503728175134637676944891231668992503309884597697097984770789697050769809965041319936000000",
              "7,1,1",
              "7,2,3432",
              "7,3,399072960",
              "7,4,472518347558400",
              "7,5,3177459078523411968000",
              "7,6,85722533226982363751829504000",
              "7,7,7363615666157189603982585462030336000",
              "7,8,1707750599894443404262670865631874246246400000",
              "7,9,944848320304251231447932170080297903208364959334400000",
              "7,10,1132660280615199084788650081767001496435194805783906746368000000",
              "7,11,2723830889210171089860112853974967135419836738473819181448031109120000000",
              "7,12,12337226409200196605517015788291901703895365914750779072463046228231449477120000000",
              "7,13,99857389527875317071126025668509769247773376500453182107373195308821853117289909452800000000",
              "7,14,1381468383008825357104956008957921143921881146573317236506494809352629746390847721930705443225600000000",
              "7,15,31443220165949648614619735620545968083193871161394475412571881611159381526003157207639217139343918366720000000000",
              "7,16,1139121537516734340515316264575525709380994071704433336488330155338908231305677860284677208521545322102598024560640000000000",
              "8,1,1",
              "8,2,12870",
              "8,3,9465511770",
              "8,4,99561092450391000",
              "8,5,7656714453153197981835000",
              "8,6,2889253496242619386328267523990000",
              "8,7,4104167472585675600759440022842715359250000",
              "8,8,18165723931630806756964027928179555634194028454000000",
              "8,9,217425846656446788579638892849417587480505167467321080630000000",
              "8,10,6302639807323954570950478140057361672954518442725941235740270404500000000",
              "8,11,405114246492469383880569411508727111186984982456058912421243354102184620671500000000",
              "8,12,53718560818714720458897117143972907723106392453990481177971918960420188915358273272310000000000",
              "8,13,13836586408700057277835742645624997019124314304216662079505821747028089846518348698140615688953550000000000",
              "8,14,6579173179349045090938001891627589852626501627084356605369513834797728879569673776087997016470782376455043500000000000",
              "8,15,5528228628446878498239989026525923540434014677155378331297838772941230397633114300344438108341598090222882345015853282500000000000",
              "8,16,7903723133164116281434241042971006843118109431109574087182006028061638448815570197274813397083621354846429395842297358039496503000000000000000",
              "9,1,1",
              "9,2,48620",
              "9,3,227873431500",
              "9,4,21452752266265320000",
              "9,5,19010638202652030712978200000",
              "9,6,101097362223624462291180422369532000000",
              "9,7,2392741010223442438553822446842770682716580000000",
              "9,8,203653377853981828616656775313699668953042169048889600000000",
              "9,9,53130688706387569792052442448845648519471103327391407016237760000000000",
              "9,10,37523683246739604798437640757064788691448682515186187946951441469287068800000000000",
              "9,11,64954656894649578274066349293466217242333450230560675312538868633528911487364888307200000000000",
